@000

00000000 00000000

00000000 00000000

@004

00000001 00000000

00000010 01101111

@008

00000000 00000000

00000000 00000000

@00c

00000000 00000000

00000000 00000000

@010

00000000 00000000

00000000 00000000

@014

00000000 00000000

00000000 00000000

@018

00000000 00000000

00000000 00000000

@01c

00000000 01000010

00000101 00110011

@020

00000000 00000000

00000000 00000000

@024

00000000 00000000

00000000 00000000

@028

00000000 10100010

00100000 10100011